camera med_min med_max  iqr_min iqr_max perc_med_min            perc_med_max       perc_iqr_min            perc_iqr_max       closeiter mask
B0     -0.01   0.038    0       0.018   0.0000                  99.98555183410645  0.0000                  99.98810291290283  20
B1     -0.009  0.026    0.0008  0.018   0.00014901161193847656  99.99498724937439  5.364418029785156e-05   99.99542832374573  20
B2     -0.008  0.035    0.0008  0.016   5.9604644775390625e-05  99.99713897705078  2.9802322387695312e-05  99.99812841415405  20
B3     -0.009  0.033    0.0008  0.016   5.9604644775390625e-06  99.99526143074036  1.7881393432617188e-05  99.99605417251587  20
B4     -0.01   0.031    0.0008  0.0185  0.00057220458984375     99.99844431877136  1.1920928955078125e-05  99.99983310699463  20
B5     -0.009  0.0365   0.0007  0.0185  3.5762786865234375e-05  99.99638199806213  1.1920928955078125e-05  99.99775886535645  20
B6     -0.009  0.0255   0.0007  0.017   1.1920928955078125e-05  99.99832510948181  4.172325134277344e-05   99.99967217445374  20
B7     -0.007  0.031    0.0007  0.0145  0.005519390106201172    99.98310804367065  7.748603820800781e-05   99.96340274810791  20        /ccd/pixmask-sm8-b.fits
B8     -0.009  0.031    0.0007  0.017   4.172325134277344e-05   99.99744296073914  1.1920928955078125e-05  99.99843835830688  20
B9     -0.009  0.031    0.0007  0.018   0.00010728836059570312  99.99662637710571  2.384185791015625e-05   99.99820590019226  20
R0     -0.0075 0.0075   0       0.015
R1     -0.008  0.006    0       0.012
R2     -0.5    30       0       3
R3     -0.007  0.01     0       0.013
R4     -0.005  0.006    0       0.009
R5     -5      10       0       0.5
R6     -0.008  0.008    0       0.014
R7     -0.005  0.005    0       0.008
R8     -0.005  0.005    0       0.009
R9     -0.006  0.006    0       0.009
Z0     -0.006  0.007    0       0.01
Z1     -0.006  0.007    0       0.013
Z2     -0.006  0.007    0       0.01
Z3     -0.006  0.007    0       0.012
Z4     -0.006  0.007    0       0.012
Z5     -0.005  0.007    0       0.008
Z6     -0.006  0.007    0       0.012
Z7     -0.007  0.006    0       0.013
Z8     -0.007  0.006    0       0.01
Z9     -0.007  0.006    0       0.01