camera,med_min,med_max,iqr_min,iqr_max, old_mask
B0,0.0,99.9849796295166,0.0,99.98810291290283,
B1,0.00014901161193847656,99.99498724937439,5.364418029785156e-05,99.99542832374573
B2,5.9604644775390625e-05,99.99713897705078,2.9802322387695312e-05,99.99812841415405
B3,5.9604644775390625e-06,99.99526143074036,1.7881393432617188e-05,99.99605417251587
B4,0.00057220458984375,99.99844431877136,1.1920928955078125e-05,99.99983310699463
B5,3.5762786865234375e-05,99.99638199806213,1.1920928955078125e-05,99.99775886535645
B6,1.1920928955078125e-05,99.99832510948181,4.172325134277344e-05,99.99967217445374
B7,0.005519390106201172,99.98310804367065,7.748603820800781e-05,99.96340274810791,ccd/pixmask-sm8-b.fits
B8,4.172325134277344e-05,99.99744296073914,1.1920928955078125e-05,99.99843835830688
B9,0.00010728836059570312,99.99662637710571,2.384185791015625e-05,99.99820590019226
R0,8.832573967507433e-05,99.99991756264296,0.0,99.99991756264296
R1,0.0023023576141969378,99.99619610481133,0.0,99.99190936224576
R2,0.01195341676936006,99.97745927123492,0.0,99.97783023934156,ccd/pixmask-r4-M1-48-20190327.fits
R3,0.0,99.99978212984213,0.0,99.99989989749504
R4,5.888382645004956e-06,99.99997644646942,0.0,99.99996466970413
R5,0.02086842809389756,99.96090113923717,0.0,99.95798050144525,ccd/pixmask-sm9-r.fits
R6,2.3553530580019823e-05,99.99959958998014,0.0,99.99975857631155
R7,0.0009480296058457979,99.99787429386515,0.0,99.98436045569487
R8,0.0,99.99991756264296,0.0,99.99998822323471
R9,0.0,99.99995289293884,0.0,99.99995878132148
Z0,0.0036684623878380875,99.99599001141875,0.0,99.98736941922647,ccd/pixmask-sm4-z.fits
Z1,0.000659498856240555,99.98944801830015,0.0,99.98895339415797
Z2,0.0023612414406469872,99.99577802964353,0.0,99.97998538738963,ccd/pixmask-sm5-z.fits
Z3,5.888382645004956e-06,99.99967025057188,0.0,99.99984690205123
Z4,0.0,99.99991167426033,0.0,99.99998822323471
Z5,0.037220466699076325,99.98291780194684,0.0,99.9681674034211,ccd/pixmask-sm9-z.fits
Z6,0.011341024974279544,99.99783307518663,0.0,99.98742830305291
Z7,0.00012365603554510406,99.99861623007843,0.0,99.99911674260325
Z8,0.0,99.99987045558181,0.0,99.99991756264296
Z9,0.0,99.99996466970413,0.0,99.99997644646942
